# N,  zmet, start, trunc, tau, theta 
         1  0.003  1.000 5.0000  0.300 -1.000
         2  0.003  1.000 5.0000  0.300 -1.730
         3  0.003  1.000 5.0000  0.300 -5.660
         4  0.003  1.000 5.0000  0.700 -1.000
         5  0.003  1.000 5.0000  0.700 -1.730
         6  0.003  1.000 5.0000  0.700 -5.660
         7  0.003  1.000 5.0000  1.000 -1.000
         8  0.003  1.000 5.0000  1.000 -1.730
         9  0.003  1.000 5.0000  1.000 -5.660
        10  0.003  1.000 5.0000  1.300 -1.000
        11  0.003  1.000 5.0000  1.300 -1.730
        12  0.003  1.000 5.0000  1.300 -5.660
        13  0.003  1.000 5.0000  2.000 -1.000
        14  0.003  1.000 5.0000  2.000 -1.730
        15  0.003  1.000 5.0000  2.000 -5.660
        16  0.003  1.000 5.0000  9.000 -1.000
        17  0.003  1.000 5.0000  9.000 -1.730
        18  0.003  1.000 5.0000  9.000 -5.660
        19  0.003  1.000 7.0000  0.300 -1.000
        20  0.003  1.000 7.0000  0.300 -1.730
        21  0.003  1.000 7.0000  0.300 -5.660
        22  0.003  1.000 7.0000  0.700 -1.000
        23  0.003  1.000 7.0000  0.700 -1.730
        24  0.003  1.000 7.0000  0.700 -5.660
        25  0.003  1.000 7.0000  1.000 -1.000
        26  0.003  1.000 7.0000  1.000 -1.730
        27  0.003  1.000 7.0000  1.000 -5.660
        28  0.003  1.000 7.0000  1.300 -1.000
        29  0.003  1.000 7.0000  1.300 -1.730
        30  0.003  1.000 7.0000  1.300 -5.660
        31  0.003  1.000 7.0000  2.000 -1.000
        32  0.003  1.000 7.0000  2.000 -1.730
        33  0.003  1.000 7.0000  2.000 -5.660
        34  0.003  1.000 7.0000  9.000 -1.000
        35  0.003  1.000 7.0000  9.000 -1.730
        36  0.003  1.000 7.0000  9.000 -5.660
        37  0.003  1.000 9.0000  0.300 -1.000
        38  0.003  1.000 9.0000  0.300 -1.730
        39  0.003  1.000 9.0000  0.300 -5.660
        40  0.003  1.000 9.0000  0.700 -1.000
        41  0.003  1.000 9.0000  0.700 -1.730
        42  0.003  1.000 9.0000  0.700 -5.660
        43  0.003  1.000 9.0000  1.000 -1.000
        44  0.003  1.000 9.0000  1.000 -1.730
        45  0.003  1.000 9.0000  1.000 -5.660
        46  0.003  1.000 9.0000  1.300 -1.000
        47  0.003  1.000 9.0000  1.300 -1.730
        48  0.003  1.000 9.0000  1.300 -5.660
        49  0.003  1.000 9.0000  2.000 -1.000
        50  0.003  1.000 9.0000  2.000 -1.730
        51  0.003  1.000 9.0000  2.000 -5.660
        52  0.003  1.000 9.0000  9.000 -1.000
        53  0.003  1.000 9.0000  9.000 -1.730
        54  0.003  1.000 9.0000  9.000 -5.660
        55  0.003  1.000 11.0000  0.300 -1.000
        56  0.003  1.000 11.0000  0.300 -1.730
        57  0.003  1.000 11.0000  0.300 -5.660
        58  0.003  1.000 11.0000  0.700 -1.000
        59  0.003  1.000 11.0000  0.700 -1.730
        60  0.003  1.000 11.0000  0.700 -5.660
        61  0.003  1.000 11.0000  1.000 -1.000
        62  0.003  1.000 11.0000  1.000 -1.730
        63  0.003  1.000 11.0000  1.000 -5.660
        64  0.003  1.000 11.0000  1.300 -1.000
        65  0.003  1.000 11.0000  1.300 -1.730
        66  0.003  1.000 11.0000  1.300 -5.660
        67  0.003  1.000 11.0000  2.000 -1.000
        68  0.003  1.000 11.0000  2.000 -1.730
        69  0.003  1.000 11.0000  2.000 -5.660
        70  0.003  1.000 11.0000  9.000 -1.000
        71  0.003  1.000 11.0000  9.000 -1.730
        72  0.003  1.000 11.0000  9.000 -5.660
        73  0.003  1.000 13.0000  0.300 -1.000
        74  0.003  1.000 13.0000  0.300 -1.730
        75  0.003  1.000 13.0000  0.300 -5.660
        76  0.003  1.000 13.0000  0.700 -1.000
        77  0.003  1.000 13.0000  0.700 -1.730
        78  0.003  1.000 13.0000  0.700 -5.660
        79  0.003  1.000 13.0000  1.000 -1.000
        80  0.003  1.000 13.0000  1.000 -1.730
        81  0.003  1.000 13.0000  1.000 -5.660
        82  0.003  1.000 13.0000  1.300 -1.000
        83  0.003  1.000 13.0000  1.300 -1.730
        84  0.003  1.000 13.0000  1.300 -5.660
        85  0.003  1.000 13.0000  2.000 -1.000
        86  0.003  1.000 13.0000  2.000 -1.730
        87  0.003  1.000 13.0000  2.000 -5.660
        88  0.003  1.000 13.0000  9.000 -1.000
        89  0.003  1.000 13.0000  9.000 -1.730
        90  0.003  1.000 13.0000  9.000 -5.660
        91  0.003  3.000 7.0000  0.300 -1.000
        92  0.003  3.000 7.0000  0.300 -1.730
        93  0.003  3.000 7.0000  0.300 -5.660
        94  0.003  3.000 7.0000  0.700 -1.000
        95  0.003  3.000 7.0000  0.700 -1.730
        96  0.003  3.000 7.0000  0.700 -5.660
        97  0.003  3.000 7.0000  1.000 -1.000
        98  0.003  3.000 7.0000  1.000 -1.730
        99  0.003  3.000 7.0000  1.000 -5.660
       100  0.003  3.000 7.0000  1.300 -1.000
       101  0.003  3.000 7.0000  1.300 -1.730
       102  0.003  3.000 7.0000  1.300 -5.660
       103  0.003  3.000 7.0000  2.000 -1.000
       104  0.003  3.000 7.0000  2.000 -1.730
       105  0.003  3.000 7.0000  2.000 -5.660
       106  0.003  3.000 7.0000  9.000 -1.000
       107  0.003  3.000 7.0000  9.000 -1.730
       108  0.003  3.000 7.0000  9.000 -5.660
       109  0.003  3.000 9.0000  0.300 -1.000
       110  0.003  3.000 9.0000  0.300 -1.730
       111  0.003  3.000 9.0000  0.300 -5.660
       112  0.003  3.000 9.0000  0.700 -1.000
       113  0.003  3.000 9.0000  0.700 -1.730
       114  0.003  3.000 9.0000  0.700 -5.660
       115  0.003  3.000 9.0000  1.000 -1.000
       116  0.003  3.000 9.0000  1.000 -1.730
       117  0.003  3.000 9.0000  1.000 -5.660
       118  0.003  3.000 9.0000  1.300 -1.000
       119  0.003  3.000 9.0000  1.300 -1.730
       120  0.003  3.000 9.0000  1.300 -5.660
       121  0.003  3.000 9.0000  2.000 -1.000
       122  0.003  3.000 9.0000  2.000 -1.730
       123  0.003  3.000 9.0000  2.000 -5.660
       124  0.003  3.000 9.0000  9.000 -1.000
       125  0.003  3.000 9.0000  9.000 -1.730
       126  0.003  3.000 9.0000  9.000 -5.660
       127  0.003  3.000 11.0000  0.300 -1.000
       128  0.003  3.000 11.0000  0.300 -1.730
       129  0.003  3.000 11.0000  0.300 -5.660
       130  0.003  3.000 11.0000  0.700 -1.000
       131  0.003  3.000 11.0000  0.700 -1.730
       132  0.003  3.000 11.0000  0.700 -5.660
       133  0.003  3.000 11.0000  1.000 -1.000
       134  0.003  3.000 11.0000  1.000 -1.730
       135  0.003  3.000 11.0000  1.000 -5.660
       136  0.003  3.000 11.0000  1.300 -1.000
       137  0.003  3.000 11.0000  1.300 -1.730
       138  0.003  3.000 11.0000  1.300 -5.660
       139  0.003  3.000 11.0000  2.000 -1.000
       140  0.003  3.000 11.0000  2.000 -1.730
       141  0.003  3.000 11.0000  2.000 -5.660
       142  0.003  3.000 11.0000  9.000 -1.000
       143  0.003  3.000 11.0000  9.000 -1.730
       144  0.003  3.000 11.0000  9.000 -5.660
       145  0.003  3.000 13.0000  0.300 -1.000
       146  0.003  3.000 13.0000  0.300 -1.730
       147  0.003  3.000 13.0000  0.300 -5.660
       148  0.003  3.000 13.0000  0.700 -1.000
       149  0.003  3.000 13.0000  0.700 -1.730
       150  0.003  3.000 13.0000  0.700 -5.660
       151  0.003  3.000 13.0000  1.000 -1.000
       152  0.003  3.000 13.0000  1.000 -1.730
       153  0.003  3.000 13.0000  1.000 -5.660
       154  0.003  3.000 13.0000  1.300 -1.000
       155  0.003  3.000 13.0000  1.300 -1.730
       156  0.003  3.000 13.0000  1.300 -5.660
       157  0.003  3.000 13.0000  2.000 -1.000
       158  0.003  3.000 13.0000  2.000 -1.730
       159  0.003  3.000 13.0000  2.000 -5.660
       160  0.003  3.000 13.0000  9.000 -1.000
       161  0.003  3.000 13.0000  9.000 -1.730
       162  0.003  3.000 13.0000  9.000 -5.660
       163  0.003  5.000 9.0000  0.300 -1.000
       164  0.003  5.000 9.0000  0.300 -1.730
       165  0.003  5.000 9.0000  0.300 -5.660
       166  0.003  5.000 9.0000  0.700 -1.000
       167  0.003  5.000 9.0000  0.700 -1.730
       168  0.003  5.000 9.0000  0.700 -5.660
       169  0.003  5.000 9.0000  1.000 -1.000
       170  0.003  5.000 9.0000  1.000 -1.730
       171  0.003  5.000 9.0000  1.000 -5.660
       172  0.003  5.000 9.0000  1.300 -1.000
       173  0.003  5.000 9.0000  1.300 -1.730
       174  0.003  5.000 9.0000  1.300 -5.660
       175  0.003  5.000 9.0000  2.000 -1.000
       176  0.003  5.000 9.0000  2.000 -1.730
       177  0.003  5.000 9.0000  2.000 -5.660
       178  0.003  5.000 9.0000  9.000 -1.000
       179  0.003  5.000 9.0000  9.000 -1.730
       180  0.003  5.000 9.0000  9.000 -5.660
       181  0.003  5.000 11.0000  0.300 -1.000
       182  0.003  5.000 11.0000  0.300 -1.730
       183  0.003  5.000 11.0000  0.300 -5.660
       184  0.003  5.000 11.0000  0.700 -1.000
       185  0.003  5.000 11.0000  0.700 -1.730
       186  0.003  5.000 11.0000  0.700 -5.660
       187  0.003  5.000 11.0000  1.000 -1.000
       188  0.003  5.000 11.0000  1.000 -1.730
       189  0.003  5.000 11.0000  1.000 -5.660
       190  0.003  5.000 11.0000  1.300 -1.000
       191  0.003  5.000 11.0000  1.300 -1.730
       192  0.003  5.000 11.0000  1.300 -5.660
       193  0.003  5.000 11.0000  2.000 -1.000
       194  0.003  5.000 11.0000  2.000 -1.730
       195  0.003  5.000 11.0000  2.000 -5.660
       196  0.003  5.000 11.0000  9.000 -1.000
       197  0.003  5.000 11.0000  9.000 -1.730
       198  0.003  5.000 11.0000  9.000 -5.660
       199  0.003  5.000 13.0000  0.300 -1.000
       200  0.003  5.000 13.0000  0.300 -1.730
       201  0.003  5.000 13.0000  0.300 -5.660
       202  0.003  5.000 13.0000  0.700 -1.000
       203  0.003  5.000 13.0000  0.700 -1.730
       204  0.003  5.000 13.0000  0.700 -5.660
       205  0.003  5.000 13.0000  1.000 -1.000
       206  0.003  5.000 13.0000  1.000 -1.730
       207  0.003  5.000 13.0000  1.000 -5.660
       208  0.003  5.000 13.0000  1.300 -1.000
       209  0.003  5.000 13.0000  1.300 -1.730
       210  0.003  5.000 13.0000  1.300 -5.660
       211  0.003  5.000 13.0000  2.000 -1.000
       212  0.003  5.000 13.0000  2.000 -1.730
       213  0.003  5.000 13.0000  2.000 -5.660
       214  0.003  5.000 13.0000  9.000 -1.000
       215  0.003  5.000 13.0000  9.000 -1.730
       216  0.003  5.000 13.0000  9.000 -5.660
       217  0.003  7.000 11.0000  0.300 -1.000
       218  0.003  7.000 11.0000  0.300 -1.730
       219  0.003  7.000 11.0000  0.300 -5.660
       220  0.003  7.000 11.0000  0.700 -1.000
       221  0.003  7.000 11.0000  0.700 -1.730
       222  0.003  7.000 11.0000  0.700 -5.660
       223  0.003  7.000 11.0000  1.000 -1.000
       224  0.003  7.000 11.0000  1.000 -1.730
       225  0.003  7.000 11.0000  1.000 -5.660
       226  0.003  7.000 11.0000  1.300 -1.000
       227  0.003  7.000 11.0000  1.300 -1.730
       228  0.003  7.000 11.0000  1.300 -5.660
       229  0.003  7.000 11.0000  2.000 -1.000
       230  0.003  7.000 11.0000  2.000 -1.730
       231  0.003  7.000 11.0000  2.000 -5.660
       232  0.003  7.000 11.0000  9.000 -1.000
       233  0.003  7.000 11.0000  9.000 -1.730
       234  0.003  7.000 11.0000  9.000 -5.660
       235  0.003  7.000 13.0000  0.300 -1.000
       236  0.003  7.000 13.0000  0.300 -1.730
       237  0.003  7.000 13.0000  0.300 -5.660
       238  0.003  7.000 13.0000  0.700 -1.000
       239  0.003  7.000 13.0000  0.700 -1.730
       240  0.003  7.000 13.0000  0.700 -5.660
       241  0.003  7.000 13.0000  1.000 -1.000
       242  0.003  7.000 13.0000  1.000 -1.730
       243  0.003  7.000 13.0000  1.000 -5.660
       244  0.003  7.000 13.0000  1.300 -1.000
       245  0.003  7.000 13.0000  1.300 -1.730
       246  0.003  7.000 13.0000  1.300 -5.660
       247  0.003  7.000 13.0000  2.000 -1.000
       248  0.003  7.000 13.0000  2.000 -1.730
       249  0.003  7.000 13.0000  2.000 -5.660
       250  0.003  7.000 13.0000  9.000 -1.000
       251  0.003  7.000 13.0000  9.000 -1.730
       252  0.003  7.000 13.0000  9.000 -5.660
       253  0.010  1.000 5.0000  0.300 -1.000
       254  0.010  1.000 5.0000  0.300 -1.730
       255  0.010  1.000 5.0000  0.300 -5.660
       256  0.010  1.000 5.0000  0.700 -1.000
       257  0.010  1.000 5.0000  0.700 -1.730
       258  0.010  1.000 5.0000  0.700 -5.660
       259  0.010  1.000 5.0000  1.000 -1.000
       260  0.010  1.000 5.0000  1.000 -1.730
       261  0.010  1.000 5.0000  1.000 -5.660
       262  0.010  1.000 5.0000  1.300 -1.000
       263  0.010  1.000 5.0000  1.300 -1.730
       264  0.010  1.000 5.0000  1.300 -5.660
       265  0.010  1.000 5.0000  2.000 -1.000
       266  0.010  1.000 5.0000  2.000 -1.730
       267  0.010  1.000 5.0000  2.000 -5.660
       268  0.010  1.000 5.0000  9.000 -1.000
       269  0.010  1.000 5.0000  9.000 -1.730
       270  0.010  1.000 5.0000  9.000 -5.660
       271  0.010  1.000 7.0000  0.300 -1.000
       272  0.010  1.000 7.0000  0.300 -1.730
       273  0.010  1.000 7.0000  0.300 -5.660
       274  0.010  1.000 7.0000  0.700 -1.000
       275  0.010  1.000 7.0000  0.700 -1.730
       276  0.010  1.000 7.0000  0.700 -5.660
       277  0.010  1.000 7.0000  1.000 -1.000
       278  0.010  1.000 7.0000  1.000 -1.730
       279  0.010  1.000 7.0000  1.000 -5.660
       280  0.010  1.000 7.0000  1.300 -1.000
       281  0.010  1.000 7.0000  1.300 -1.730
       282  0.010  1.000 7.0000  1.300 -5.660
       283  0.010  1.000 7.0000  2.000 -1.000
       284  0.010  1.000 7.0000  2.000 -1.730
       285  0.010  1.000 7.0000  2.000 -5.660
       286  0.010  1.000 7.0000  9.000 -1.000
       287  0.010  1.000 7.0000  9.000 -1.730
       288  0.010  1.000 7.0000  9.000 -5.660
       289  0.010  1.000 9.0000  0.300 -1.000
       290  0.010  1.000 9.0000  0.300 -1.730
       291  0.010  1.000 9.0000  0.300 -5.660
       292  0.010  1.000 9.0000  0.700 -1.000
       293  0.010  1.000 9.0000  0.700 -1.730
       294  0.010  1.000 9.0000  0.700 -5.660
       295  0.010  1.000 9.0000  1.000 -1.000
       296  0.010  1.000 9.0000  1.000 -1.730
       297  0.010  1.000 9.0000  1.000 -5.660
       298  0.010  1.000 9.0000  1.300 -1.000
       299  0.010  1.000 9.0000  1.300 -1.730
       300  0.010  1.000 9.0000  1.300 -5.660
       301  0.010  1.000 9.0000  2.000 -1.000
       302  0.010  1.000 9.0000  2.000 -1.730
       303  0.010  1.000 9.0000  2.000 -5.660
       304  0.010  1.000 9.0000  9.000 -1.000
       305  0.010  1.000 9.0000  9.000 -1.730
       306  0.010  1.000 9.0000  9.000 -5.660
       307  0.010  1.000 11.0000  0.300 -1.000
       308  0.010  1.000 11.0000  0.300 -1.730
       309  0.010  1.000 11.0000  0.300 -5.660
       310  0.010  1.000 11.0000  0.700 -1.000
       311  0.010  1.000 11.0000  0.700 -1.730
       312  0.010  1.000 11.0000  0.700 -5.660
       313  0.010  1.000 11.0000  1.000 -1.000
       314  0.010  1.000 11.0000  1.000 -1.730
       315  0.010  1.000 11.0000  1.000 -5.660
       316  0.010  1.000 11.0000  1.300 -1.000
       317  0.010  1.000 11.0000  1.300 -1.730
       318  0.010  1.000 11.0000  1.300 -5.660
       319  0.010  1.000 11.0000  2.000 -1.000
       320  0.010  1.000 11.0000  2.000 -1.730
       321  0.010  1.000 11.0000  2.000 -5.660
       322  0.010  1.000 11.0000  9.000 -1.000
       323  0.010  1.000 11.0000  9.000 -1.730
       324  0.010  1.000 11.0000  9.000 -5.660
       325  0.010  1.000 13.0000  0.300 -1.000
       326  0.010  1.000 13.0000  0.300 -1.730
       327  0.010  1.000 13.0000  0.300 -5.660
       328  0.010  1.000 13.0000  0.700 -1.000
       329  0.010  1.000 13.0000  0.700 -1.730
       330  0.010  1.000 13.0000  0.700 -5.660
       331  0.010  1.000 13.0000  1.000 -1.000
       332  0.010  1.000 13.0000  1.000 -1.730
       333  0.010  1.000 13.0000  1.000 -5.660
       334  0.010  1.000 13.0000  1.300 -1.000
       335  0.010  1.000 13.0000  1.300 -1.730
       336  0.010  1.000 13.0000  1.300 -5.660
       337  0.010  1.000 13.0000  2.000 -1.000
       338  0.010  1.000 13.0000  2.000 -1.730
       339  0.010  1.000 13.0000  2.000 -5.660
       340  0.010  1.000 13.0000  9.000 -1.000
       341  0.010  1.000 13.0000  9.000 -1.730
       342  0.010  1.000 13.0000  9.000 -5.660
       343  0.010  3.000 7.0000  0.300 -1.000
       344  0.010  3.000 7.0000  0.300 -1.730
       345  0.010  3.000 7.0000  0.300 -5.660
       346  0.010  3.000 7.0000  0.700 -1.000
       347  0.010  3.000 7.0000  0.700 -1.730
       348  0.010  3.000 7.0000  0.700 -5.660
       349  0.010  3.000 7.0000  1.000 -1.000
       350  0.010  3.000 7.0000  1.000 -1.730
       351  0.010  3.000 7.0000  1.000 -5.660
       352  0.010  3.000 7.0000  1.300 -1.000
       353  0.010  3.000 7.0000  1.300 -1.730
       354  0.010  3.000 7.0000  1.300 -5.660
       355  0.010  3.000 7.0000  2.000 -1.000
       356  0.010  3.000 7.0000  2.000 -1.730
       357  0.010  3.000 7.0000  2.000 -5.660
       358  0.010  3.000 7.0000  9.000 -1.000
       359  0.010  3.000 7.0000  9.000 -1.730
       360  0.010  3.000 7.0000  9.000 -5.660
       361  0.010  3.000 9.0000  0.300 -1.000
       362  0.010  3.000 9.0000  0.300 -1.730
       363  0.010  3.000 9.0000  0.300 -5.660
       364  0.010  3.000 9.0000  0.700 -1.000
       365  0.010  3.000 9.0000  0.700 -1.730
       366  0.010  3.000 9.0000  0.700 -5.660
       367  0.010  3.000 9.0000  1.000 -1.000
       368  0.010  3.000 9.0000  1.000 -1.730
       369  0.010  3.000 9.0000  1.000 -5.660
       370  0.010  3.000 9.0000  1.300 -1.000
       371  0.010  3.000 9.0000  1.300 -1.730
       372  0.010  3.000 9.0000  1.300 -5.660
       373  0.010  3.000 9.0000  2.000 -1.000
       374  0.010  3.000 9.0000  2.000 -1.730
       375  0.010  3.000 9.0000  2.000 -5.660
       376  0.010  3.000 9.0000  9.000 -1.000
       377  0.010  3.000 9.0000  9.000 -1.730
       378  0.010  3.000 9.0000  9.000 -5.660
       379  0.010  3.000 11.0000  0.300 -1.000
       380  0.010  3.000 11.0000  0.300 -1.730
       381  0.010  3.000 11.0000  0.300 -5.660
       382  0.010  3.000 11.0000  0.700 -1.000
       383  0.010  3.000 11.0000  0.700 -1.730
       384  0.010  3.000 11.0000  0.700 -5.660
       385  0.010  3.000 11.0000  1.000 -1.000
       386  0.010  3.000 11.0000  1.000 -1.730
       387  0.010  3.000 11.0000  1.000 -5.660
       388  0.010  3.000 11.0000  1.300 -1.000
       389  0.010  3.000 11.0000  1.300 -1.730
       390  0.010  3.000 11.0000  1.300 -5.660
       391  0.010  3.000 11.0000  2.000 -1.000
       392  0.010  3.000 11.0000  2.000 -1.730
       393  0.010  3.000 11.0000  2.000 -5.660
       394  0.010  3.000 11.0000  9.000 -1.000
       395  0.010  3.000 11.0000  9.000 -1.730
       396  0.010  3.000 11.0000  9.000 -5.660
       397  0.010  3.000 13.0000  0.300 -1.000
       398  0.010  3.000 13.0000  0.300 -1.730
       399  0.010  3.000 13.0000  0.300 -5.660
       400  0.010  3.000 13.0000  0.700 -1.000
       401  0.010  3.000 13.0000  0.700 -1.730
       402  0.010  3.000 13.0000  0.700 -5.660
       403  0.010  3.000 13.0000  1.000 -1.000
       404  0.010  3.000 13.0000  1.000 -1.730
       405  0.010  3.000 13.0000  1.000 -5.660
       406  0.010  3.000 13.0000  1.300 -1.000
       407  0.010  3.000 13.0000  1.300 -1.730
       408  0.010  3.000 13.0000  1.300 -5.660
       409  0.010  3.000 13.0000  2.000 -1.000
       410  0.010  3.000 13.0000  2.000 -1.730
       411  0.010  3.000 13.0000  2.000 -5.660
       412  0.010  3.000 13.0000  9.000 -1.000
       413  0.010  3.000 13.0000  9.000 -1.730
       414  0.010  3.000 13.0000  9.000 -5.660
       415  0.010  5.000 9.0000  0.300 -1.000
       416  0.010  5.000 9.0000  0.300 -1.730
       417  0.010  5.000 9.0000  0.300 -5.660
       418  0.010  5.000 9.0000  0.700 -1.000
       419  0.010  5.000 9.0000  0.700 -1.730
       420  0.010  5.000 9.0000  0.700 -5.660
       421  0.010  5.000 9.0000  1.000 -1.000
       422  0.010  5.000 9.0000  1.000 -1.730
       423  0.010  5.000 9.0000  1.000 -5.660
       424  0.010  5.000 9.0000  1.300 -1.000
       425  0.010  5.000 9.0000  1.300 -1.730
       426  0.010  5.000 9.0000  1.300 -5.660
       427  0.010  5.000 9.0000  2.000 -1.000
       428  0.010  5.000 9.0000  2.000 -1.730
       429  0.010  5.000 9.0000  2.000 -5.660
       430  0.010  5.000 9.0000  9.000 -1.000
       431  0.010  5.000 9.0000  9.000 -1.730
       432  0.010  5.000 9.0000  9.000 -5.660
       433  0.010  5.000 11.0000  0.300 -1.000
       434  0.010  5.000 11.0000  0.300 -1.730
       435  0.010  5.000 11.0000  0.300 -5.660
       436  0.010  5.000 11.0000  0.700 -1.000
       437  0.010  5.000 11.0000  0.700 -1.730
       438  0.010  5.000 11.0000  0.700 -5.660
       439  0.010  5.000 11.0000  1.000 -1.000
       440  0.010  5.000 11.0000  1.000 -1.730
       441  0.010  5.000 11.0000  1.000 -5.660
       442  0.010  5.000 11.0000  1.300 -1.000
       443  0.010  5.000 11.0000  1.300 -1.730
       444  0.010  5.000 11.0000  1.300 -5.660
       445  0.010  5.000 11.0000  2.000 -1.000
       446  0.010  5.000 11.0000  2.000 -1.730
       447  0.010  5.000 11.0000  2.000 -5.660
       448  0.010  5.000 11.0000  9.000 -1.000
       449  0.010  5.000 11.0000  9.000 -1.730
       450  0.010  5.000 11.0000  9.000 -5.660
       451  0.010  5.000 13.0000  0.300 -1.000
       452  0.010  5.000 13.0000  0.300 -1.730
       453  0.010  5.000 13.0000  0.300 -5.660
       454  0.010  5.000 13.0000  0.700 -1.000
       455  0.010  5.000 13.0000  0.700 -1.730
       456  0.010  5.000 13.0000  0.700 -5.660
       457  0.010  5.000 13.0000  1.000 -1.000
       458  0.010  5.000 13.0000  1.000 -1.730
       459  0.010  5.000 13.0000  1.000 -5.660
       460  0.010  5.000 13.0000  1.300 -1.000
       461  0.010  5.000 13.0000  1.300 -1.730
       462  0.010  5.000 13.0000  1.300 -5.660
       463  0.010  5.000 13.0000  2.000 -1.000
       464  0.010  5.000 13.0000  2.000 -1.730
       465  0.010  5.000 13.0000  2.000 -5.660
       466  0.010  5.000 13.0000  9.000 -1.000
       467  0.010  5.000 13.0000  9.000 -1.730
       468  0.010  5.000 13.0000  9.000 -5.660
       469  0.010  7.000 11.0000  0.300 -1.000
       470  0.010  7.000 11.0000  0.300 -1.730
       471  0.010  7.000 11.0000  0.300 -5.660
       472  0.010  7.000 11.0000  0.700 -1.000
       473  0.010  7.000 11.0000  0.700 -1.730
       474  0.010  7.000 11.0000  0.700 -5.660
       475  0.010  7.000 11.0000  1.000 -1.000
       476  0.010  7.000 11.0000  1.000 -1.730
       477  0.010  7.000 11.0000  1.000 -5.660
       478  0.010  7.000 11.0000  1.300 -1.000
       479  0.010  7.000 11.0000  1.300 -1.730
       480  0.010  7.000 11.0000  1.300 -5.660
       481  0.010  7.000 11.0000  2.000 -1.000
       482  0.010  7.000 11.0000  2.000 -1.730
       483  0.010  7.000 11.0000  2.000 -5.660
       484  0.010  7.000 11.0000  9.000 -1.000
       485  0.010  7.000 11.0000  9.000 -1.730
       486  0.010  7.000 11.0000  9.000 -5.660
       487  0.010  7.000 13.0000  0.300 -1.000
       488  0.010  7.000 13.0000  0.300 -1.730
       489  0.010  7.000 13.0000  0.300 -5.660
       490  0.010  7.000 13.0000  0.700 -1.000
       491  0.010  7.000 13.0000  0.700 -1.730
       492  0.010  7.000 13.0000  0.700 -5.660
       493  0.010  7.000 13.0000  1.000 -1.000
       494  0.010  7.000 13.0000  1.000 -1.730
       495  0.010  7.000 13.0000  1.000 -5.660
       496  0.010  7.000 13.0000  1.300 -1.000
       497  0.010  7.000 13.0000  1.300 -1.730
       498  0.010  7.000 13.0000  1.300 -5.660
       499  0.010  7.000 13.0000  2.000 -1.000
       500  0.010  7.000 13.0000  2.000 -1.730
       501  0.010  7.000 13.0000  2.000 -5.660
       502  0.010  7.000 13.0000  9.000 -1.000
       503  0.010  7.000 13.0000  9.000 -1.730
       504  0.010  7.000 13.0000  9.000 -5.660
       505  0.019  1.000 5.0000  0.300 -1.000
       506  0.019  1.000 5.0000  0.300 -1.730
       507  0.019  1.000 5.0000  0.300 -5.660
       508  0.019  1.000 5.0000  0.700 -1.000
       509  0.019  1.000 5.0000  0.700 -1.730
       510  0.019  1.000 5.0000  0.700 -5.660
       511  0.019  1.000 5.0000  1.000 -1.000
       512  0.019  1.000 5.0000  1.000 -1.730
       513  0.019  1.000 5.0000  1.000 -5.660
       514  0.019  1.000 5.0000  1.300 -1.000
       515  0.019  1.000 5.0000  1.300 -1.730
       516  0.019  1.000 5.0000  1.300 -5.660
       517  0.019  1.000 5.0000  2.000 -1.000
       518  0.019  1.000 5.0000  2.000 -1.730
       519  0.019  1.000 5.0000  2.000 -5.660
       520  0.019  1.000 5.0000  9.000 -1.000
       521  0.019  1.000 5.0000  9.000 -1.730
       522  0.019  1.000 5.0000  9.000 -5.660
       523  0.019  1.000 7.0000  0.300 -1.000
       524  0.019  1.000 7.0000  0.300 -1.730
       525  0.019  1.000 7.0000  0.300 -5.660
       526  0.019  1.000 7.0000  0.700 -1.000
       527  0.019  1.000 7.0000  0.700 -1.730
       528  0.019  1.000 7.0000  0.700 -5.660
       529  0.019  1.000 7.0000  1.000 -1.000
       530  0.019  1.000 7.0000  1.000 -1.730
       531  0.019  1.000 7.0000  1.000 -5.660
       532  0.019  1.000 7.0000  1.300 -1.000
       533  0.019  1.000 7.0000  1.300 -1.730
       534  0.019  1.000 7.0000  1.300 -5.660
       535  0.019  1.000 7.0000  2.000 -1.000
       536  0.019  1.000 7.0000  2.000 -1.730
       537  0.019  1.000 7.0000  2.000 -5.660
       538  0.019  1.000 7.0000  9.000 -1.000
       539  0.019  1.000 7.0000  9.000 -1.730
       540  0.019  1.000 7.0000  9.000 -5.660
       541  0.019  1.000 9.0000  0.300 -1.000
       542  0.019  1.000 9.0000  0.300 -1.730
       543  0.019  1.000 9.0000  0.300 -5.660
       544  0.019  1.000 9.0000  0.700 -1.000
       545  0.019  1.000 9.0000  0.700 -1.730
       546  0.019  1.000 9.0000  0.700 -5.660
       547  0.019  1.000 9.0000  1.000 -1.000
       548  0.019  1.000 9.0000  1.000 -1.730
       549  0.019  1.000 9.0000  1.000 -5.660
       550  0.019  1.000 9.0000  1.300 -1.000
       551  0.019  1.000 9.0000  1.300 -1.730
       552  0.019  1.000 9.0000  1.300 -5.660
       553  0.019  1.000 9.0000  2.000 -1.000
       554  0.019  1.000 9.0000  2.000 -1.730
       555  0.019  1.000 9.0000  2.000 -5.660
       556  0.019  1.000 9.0000  9.000 -1.000
       557  0.019  1.000 9.0000  9.000 -1.730
       558  0.019  1.000 9.0000  9.000 -5.660
       559  0.019  1.000 11.0000  0.300 -1.000
       560  0.019  1.000 11.0000  0.300 -1.730
       561  0.019  1.000 11.0000  0.300 -5.660
       562  0.019  1.000 11.0000  0.700 -1.000
       563  0.019  1.000 11.0000  0.700 -1.730
       564  0.019  1.000 11.0000  0.700 -5.660
       565  0.019  1.000 11.0000  1.000 -1.000
       566  0.019  1.000 11.0000  1.000 -1.730
       567  0.019  1.000 11.0000  1.000 -5.660
       568  0.019  1.000 11.0000  1.300 -1.000
       569  0.019  1.000 11.0000  1.300 -1.730
       570  0.019  1.000 11.0000  1.300 -5.660
       571  0.019  1.000 11.0000  2.000 -1.000
       572  0.019  1.000 11.0000  2.000 -1.730
       573  0.019  1.000 11.0000  2.000 -5.660
       574  0.019  1.000 11.0000  9.000 -1.000
       575  0.019  1.000 11.0000  9.000 -1.730
       576  0.019  1.000 11.0000  9.000 -5.660
       577  0.019  1.000 13.0000  0.300 -1.000
       578  0.019  1.000 13.0000  0.300 -1.730
       579  0.019  1.000 13.0000  0.300 -5.660
       580  0.019  1.000 13.0000  0.700 -1.000
       581  0.019  1.000 13.0000  0.700 -1.730
       582  0.019  1.000 13.0000  0.700 -5.660
       583  0.019  1.000 13.0000  1.000 -1.000
       584  0.019  1.000 13.0000  1.000 -1.730
       585  0.019  1.000 13.0000  1.000 -5.660
       586  0.019  1.000 13.0000  1.300 -1.000
       587  0.019  1.000 13.0000  1.300 -1.730
       588  0.019  1.000 13.0000  1.300 -5.660
       589  0.019  1.000 13.0000  2.000 -1.000
       590  0.019  1.000 13.0000  2.000 -1.730
       591  0.019  1.000 13.0000  2.000 -5.660
       592  0.019  1.000 13.0000  9.000 -1.000
       593  0.019  1.000 13.0000  9.000 -1.730
       594  0.019  1.000 13.0000  9.000 -5.660
       595  0.019  3.000 7.0000  0.300 -1.000
       596  0.019  3.000 7.0000  0.300 -1.730
       597  0.019  3.000 7.0000  0.300 -5.660
       598  0.019  3.000 7.0000  0.700 -1.000
       599  0.019  3.000 7.0000  0.700 -1.730
       600  0.019  3.000 7.0000  0.700 -5.660
       601  0.019  3.000 7.0000  1.000 -1.000
       602  0.019  3.000 7.0000  1.000 -1.730
       603  0.019  3.000 7.0000  1.000 -5.660
       604  0.019  3.000 7.0000  1.300 -1.000
       605  0.019  3.000 7.0000  1.300 -1.730
       606  0.019  3.000 7.0000  1.300 -5.660
       607  0.019  3.000 7.0000  2.000 -1.000
       608  0.019  3.000 7.0000  2.000 -1.730
       609  0.019  3.000 7.0000  2.000 -5.660
       610  0.019  3.000 7.0000  9.000 -1.000
       611  0.019  3.000 7.0000  9.000 -1.730
       612  0.019  3.000 7.0000  9.000 -5.660
       613  0.019  3.000 9.0000  0.300 -1.000
       614  0.019  3.000 9.0000  0.300 -1.730
       615  0.019  3.000 9.0000  0.300 -5.660
       616  0.019  3.000 9.0000  0.700 -1.000
       617  0.019  3.000 9.0000  0.700 -1.730
       618  0.019  3.000 9.0000  0.700 -5.660
       619  0.019  3.000 9.0000  1.000 -1.000
       620  0.019  3.000 9.0000  1.000 -1.730
       621  0.019  3.000 9.0000  1.000 -5.660
       622  0.019  3.000 9.0000  1.300 -1.000
       623  0.019  3.000 9.0000  1.300 -1.730
       624  0.019  3.000 9.0000  1.300 -5.660
       625  0.019  3.000 9.0000  2.000 -1.000
       626  0.019  3.000 9.0000  2.000 -1.730
       627  0.019  3.000 9.0000  2.000 -5.660
       628  0.019  3.000 9.0000  9.000 -1.000
       629  0.019  3.000 9.0000  9.000 -1.730
       630  0.019  3.000 9.0000  9.000 -5.660
       631  0.019  3.000 11.0000  0.300 -1.000
       632  0.019  3.000 11.0000  0.300 -1.730
       633  0.019  3.000 11.0000  0.300 -5.660
       634  0.019  3.000 11.0000  0.700 -1.000
       635  0.019  3.000 11.0000  0.700 -1.730
       636  0.019  3.000 11.0000  0.700 -5.660
       637  0.019  3.000 11.0000  1.000 -1.000
       638  0.019  3.000 11.0000  1.000 -1.730
       639  0.019  3.000 11.0000  1.000 -5.660
       640  0.019  3.000 11.0000  1.300 -1.000
       641  0.019  3.000 11.0000  1.300 -1.730
       642  0.019  3.000 11.0000  1.300 -5.660
       643  0.019  3.000 11.0000  2.000 -1.000
       644  0.019  3.000 11.0000  2.000 -1.730
       645  0.019  3.000 11.0000  2.000 -5.660
       646  0.019  3.000 11.0000  9.000 -1.000
       647  0.019  3.000 11.0000  9.000 -1.730
       648  0.019  3.000 11.0000  9.000 -5.660
       649  0.019  3.000 13.0000  0.300 -1.000
       650  0.019  3.000 13.0000  0.300 -1.730
       651  0.019  3.000 13.0000  0.300 -5.660
       652  0.019  3.000 13.0000  0.700 -1.000
       653  0.019  3.000 13.0000  0.700 -1.730
       654  0.019  3.000 13.0000  0.700 -5.660
       655  0.019  3.000 13.0000  1.000 -1.000
       656  0.019  3.000 13.0000  1.000 -1.730
       657  0.019  3.000 13.0000  1.000 -5.660
       658  0.019  3.000 13.0000  1.300 -1.000
       659  0.019  3.000 13.0000  1.300 -1.730
       660  0.019  3.000 13.0000  1.300 -5.660
       661  0.019  3.000 13.0000  2.000 -1.000
       662  0.019  3.000 13.0000  2.000 -1.730
       663  0.019  3.000 13.0000  2.000 -5.660
       664  0.019  3.000 13.0000  9.000 -1.000
       665  0.019  3.000 13.0000  9.000 -1.730
       666  0.019  3.000 13.0000  9.000 -5.660
       667  0.019  5.000 9.0000  0.300 -1.000
       668  0.019  5.000 9.0000  0.300 -1.730
       669  0.019  5.000 9.0000  0.300 -5.660
       670  0.019  5.000 9.0000  0.700 -1.000
       671  0.019  5.000 9.0000  0.700 -1.730
       672  0.019  5.000 9.0000  0.700 -5.660
       673  0.019  5.000 9.0000  1.000 -1.000
       674  0.019  5.000 9.0000  1.000 -1.730
       675  0.019  5.000 9.0000  1.000 -5.660
       676  0.019  5.000 9.0000  1.300 -1.000
       677  0.019  5.000 9.0000  1.300 -1.730
       678  0.019  5.000 9.0000  1.300 -5.660
       679  0.019  5.000 9.0000  2.000 -1.000
       680  0.019  5.000 9.0000  2.000 -1.730
       681  0.019  5.000 9.0000  2.000 -5.660
       682  0.019  5.000 9.0000  9.000 -1.000
       683  0.019  5.000 9.0000  9.000 -1.730
       684  0.019  5.000 9.0000  9.000 -5.660
       685  0.019  5.000 11.0000  0.300 -1.000
       686  0.019  5.000 11.0000  0.300 -1.730
       687  0.019  5.000 11.0000  0.300 -5.660
       688  0.019  5.000 11.0000  0.700 -1.000
       689  0.019  5.000 11.0000  0.700 -1.730
       690  0.019  5.000 11.0000  0.700 -5.660
       691  0.019  5.000 11.0000  1.000 -1.000
       692  0.019  5.000 11.0000  1.000 -1.730
       693  0.019  5.000 11.0000  1.000 -5.660
       694  0.019  5.000 11.0000  1.300 -1.000
       695  0.019  5.000 11.0000  1.300 -1.730
       696  0.019  5.000 11.0000  1.300 -5.660
       697  0.019  5.000 11.0000  2.000 -1.000
       698  0.019  5.000 11.0000  2.000 -1.730
       699  0.019  5.000 11.0000  2.000 -5.660
       700  0.019  5.000 11.0000  9.000 -1.000
       701  0.019  5.000 11.0000  9.000 -1.730
       702  0.019  5.000 11.0000  9.000 -5.660
       703  0.019  5.000 13.0000  0.300 -1.000
       704  0.019  5.000 13.0000  0.300 -1.730
       705  0.019  5.000 13.0000  0.300 -5.660
       706  0.019  5.000 13.0000  0.700 -1.000
       707  0.019  5.000 13.0000  0.700 -1.730
       708  0.019  5.000 13.0000  0.700 -5.660
       709  0.019  5.000 13.0000  1.000 -1.000
       710  0.019  5.000 13.0000  1.000 -1.730
       711  0.019  5.000 13.0000  1.000 -5.660
       712  0.019  5.000 13.0000  1.300 -1.000
       713  0.019  5.000 13.0000  1.300 -1.730
       714  0.019  5.000 13.0000  1.300 -5.660
       715  0.019  5.000 13.0000  2.000 -1.000
       716  0.019  5.000 13.0000  2.000 -1.730
       717  0.019  5.000 13.0000  2.000 -5.660
       718  0.019  5.000 13.0000  9.000 -1.000
       719  0.019  5.000 13.0000  9.000 -1.730
       720  0.019  5.000 13.0000  9.000 -5.660
       721  0.019  7.000 11.0000  0.300 -1.000
       722  0.019  7.000 11.0000  0.300 -1.730
       723  0.019  7.000 11.0000  0.300 -5.660
       724  0.019  7.000 11.0000  0.700 -1.000
       725  0.019  7.000 11.0000  0.700 -1.730
       726  0.019  7.000 11.0000  0.700 -5.660
       727  0.019  7.000 11.0000  1.000 -1.000
       728  0.019  7.000 11.0000  1.000 -1.730
       729  0.019  7.000 11.0000  1.000 -5.660
       730  0.019  7.000 11.0000  1.300 -1.000
       731  0.019  7.000 11.0000  1.300 -1.730
       732  0.019  7.000 11.0000  1.300 -5.660
       733  0.019  7.000 11.0000  2.000 -1.000
       734  0.019  7.000 11.0000  2.000 -1.730
       735  0.019  7.000 11.0000  2.000 -5.660
       736  0.019  7.000 11.0000  9.000 -1.000
       737  0.019  7.000 11.0000  9.000 -1.730
       738  0.019  7.000 11.0000  9.000 -5.660
       739  0.019  7.000 13.0000  0.300 -1.000
       740  0.019  7.000 13.0000  0.300 -1.730
       741  0.019  7.000 13.0000  0.300 -5.660
       742  0.019  7.000 13.0000  0.700 -1.000
       743  0.019  7.000 13.0000  0.700 -1.730
       744  0.019  7.000 13.0000  0.700 -5.660
       745  0.019  7.000 13.0000  1.000 -1.000
       746  0.019  7.000 13.0000  1.000 -1.730
       747  0.019  7.000 13.0000  1.000 -5.660
       748  0.019  7.000 13.0000  1.300 -1.000
       749  0.019  7.000 13.0000  1.300 -1.730
       750  0.019  7.000 13.0000  1.300 -5.660
       751  0.019  7.000 13.0000  2.000 -1.000
       752  0.019  7.000 13.0000  2.000 -1.730
       753  0.019  7.000 13.0000  2.000 -5.660
       754  0.019  7.000 13.0000  9.000 -1.000
       755  0.019  7.000 13.0000  9.000 -1.730
       756  0.019  7.000 13.0000  9.000 -5.660
       757  0.024  1.000 5.0000  0.300 -1.000
       758  0.024  1.000 5.0000  0.300 -1.730
       759  0.024  1.000 5.0000  0.300 -5.660
       760  0.024  1.000 5.0000  0.700 -1.000
       761  0.024  1.000 5.0000  0.700 -1.730
       762  0.024  1.000 5.0000  0.700 -5.660
       763  0.024  1.000 5.0000  1.000 -1.000
       764  0.024  1.000 5.0000  1.000 -1.730
       765  0.024  1.000 5.0000  1.000 -5.660
       766  0.024  1.000 5.0000  1.300 -1.000
       767  0.024  1.000 5.0000  1.300 -1.730
       768  0.024  1.000 5.0000  1.300 -5.660
       769  0.024  1.000 5.0000  2.000 -1.000
       770  0.024  1.000 5.0000  2.000 -1.730
       771  0.024  1.000 5.0000  2.000 -5.660
       772  0.024  1.000 5.0000  9.000 -1.000
       773  0.024  1.000 5.0000  9.000 -1.730
       774  0.024  1.000 5.0000  9.000 -5.660
       775  0.024  1.000 7.0000  0.300 -1.000
       776  0.024  1.000 7.0000  0.300 -1.730
       777  0.024  1.000 7.0000  0.300 -5.660
       778  0.024  1.000 7.0000  0.700 -1.000
       779  0.024  1.000 7.0000  0.700 -1.730
       780  0.024  1.000 7.0000  0.700 -5.660
       781  0.024  1.000 7.0000  1.000 -1.000
       782  0.024  1.000 7.0000  1.000 -1.730
       783  0.024  1.000 7.0000  1.000 -5.660
       784  0.024  1.000 7.0000  1.300 -1.000
       785  0.024  1.000 7.0000  1.300 -1.730
       786  0.024  1.000 7.0000  1.300 -5.660
       787  0.024  1.000 7.0000  2.000 -1.000
       788  0.024  1.000 7.0000  2.000 -1.730
       789  0.024  1.000 7.0000  2.000 -5.660
       790  0.024  1.000 7.0000  9.000 -1.000
       791  0.024  1.000 7.0000  9.000 -1.730
       792  0.024  1.000 7.0000  9.000 -5.660
       793  0.024  1.000 9.0000  0.300 -1.000
       794  0.024  1.000 9.0000  0.300 -1.730
       795  0.024  1.000 9.0000  0.300 -5.660
       796  0.024  1.000 9.0000  0.700 -1.000
       797  0.024  1.000 9.0000  0.700 -1.730
       798  0.024  1.000 9.0000  0.700 -5.660
       799  0.024  1.000 9.0000  1.000 -1.000
       800  0.024  1.000 9.0000  1.000 -1.730
       801  0.024  1.000 9.0000  1.000 -5.660
       802  0.024  1.000 9.0000  1.300 -1.000
       803  0.024  1.000 9.0000  1.300 -1.730
       804  0.024  1.000 9.0000  1.300 -5.660
       805  0.024  1.000 9.0000  2.000 -1.000
       806  0.024  1.000 9.0000  2.000 -1.730
       807  0.024  1.000 9.0000  2.000 -5.660
       808  0.024  1.000 9.0000  9.000 -1.000
       809  0.024  1.000 9.0000  9.000 -1.730
       810  0.024  1.000 9.0000  9.000 -5.660
       811  0.024  1.000 11.0000  0.300 -1.000
       812  0.024  1.000 11.0000  0.300 -1.730
       813  0.024  1.000 11.0000  0.300 -5.660
       814  0.024  1.000 11.0000  0.700 -1.000
       815  0.024  1.000 11.0000  0.700 -1.730
       816  0.024  1.000 11.0000  0.700 -5.660
       817  0.024  1.000 11.0000  1.000 -1.000
       818  0.024  1.000 11.0000  1.000 -1.730
       819  0.024  1.000 11.0000  1.000 -5.660
       820  0.024  1.000 11.0000  1.300 -1.000
       821  0.024  1.000 11.0000  1.300 -1.730
       822  0.024  1.000 11.0000  1.300 -5.660
       823  0.024  1.000 11.0000  2.000 -1.000
       824  0.024  1.000 11.0000  2.000 -1.730
       825  0.024  1.000 11.0000  2.000 -5.660
       826  0.024  1.000 11.0000  9.000 -1.000
       827  0.024  1.000 11.0000  9.000 -1.730
       828  0.024  1.000 11.0000  9.000 -5.660
       829  0.024  1.000 13.0000  0.300 -1.000
       830  0.024  1.000 13.0000  0.300 -1.730
       831  0.024  1.000 13.0000  0.300 -5.660
       832  0.024  1.000 13.0000  0.700 -1.000
       833  0.024  1.000 13.0000  0.700 -1.730
       834  0.024  1.000 13.0000  0.700 -5.660
       835  0.024  1.000 13.0000  1.000 -1.000
       836  0.024  1.000 13.0000  1.000 -1.730
       837  0.024  1.000 13.0000  1.000 -5.660
       838  0.024  1.000 13.0000  1.300 -1.000
       839  0.024  1.000 13.0000  1.300 -1.730
       840  0.024  1.000 13.0000  1.300 -5.660
       841  0.024  1.000 13.0000  2.000 -1.000
       842  0.024  1.000 13.0000  2.000 -1.730
       843  0.024  1.000 13.0000  2.000 -5.660
       844  0.024  1.000 13.0000  9.000 -1.000
       845  0.024  1.000 13.0000  9.000 -1.730
       846  0.024  1.000 13.0000  9.000 -5.660
       847  0.024  3.000 7.0000  0.300 -1.000
       848  0.024  3.000 7.0000  0.300 -1.730
       849  0.024  3.000 7.0000  0.300 -5.660
       850  0.024  3.000 7.0000  0.700 -1.000
       851  0.024  3.000 7.0000  0.700 -1.730
       852  0.024  3.000 7.0000  0.700 -5.660
       853  0.024  3.000 7.0000  1.000 -1.000
       854  0.024  3.000 7.0000  1.000 -1.730
       855  0.024  3.000 7.0000  1.000 -5.660
       856  0.024  3.000 7.0000  1.300 -1.000
       857  0.024  3.000 7.0000  1.300 -1.730
       858  0.024  3.000 7.0000  1.300 -5.660
       859  0.024  3.000 7.0000  2.000 -1.000
       860  0.024  3.000 7.0000  2.000 -1.730
       861  0.024  3.000 7.0000  2.000 -5.660
       862  0.024  3.000 7.0000  9.000 -1.000
       863  0.024  3.000 7.0000  9.000 -1.730
       864  0.024  3.000 7.0000  9.000 -5.660
       865  0.024  3.000 9.0000  0.300 -1.000
       866  0.024  3.000 9.0000  0.300 -1.730
       867  0.024  3.000 9.0000  0.300 -5.660
       868  0.024  3.000 9.0000  0.700 -1.000
       869  0.024  3.000 9.0000  0.700 -1.730
       870  0.024  3.000 9.0000  0.700 -5.660
       871  0.024  3.000 9.0000  1.000 -1.000
       872  0.024  3.000 9.0000  1.000 -1.730
       873  0.024  3.000 9.0000  1.000 -5.660
       874  0.024  3.000 9.0000  1.300 -1.000
       875  0.024  3.000 9.0000  1.300 -1.730
       876  0.024  3.000 9.0000  1.300 -5.660
       877  0.024  3.000 9.0000  2.000 -1.000
       878  0.024  3.000 9.0000  2.000 -1.730
       879  0.024  3.000 9.0000  2.000 -5.660
       880  0.024  3.000 9.0000  9.000 -1.000
       881  0.024  3.000 9.0000  9.000 -1.730
       882  0.024  3.000 9.0000  9.000 -5.660
       883  0.024  3.000 11.0000  0.300 -1.000
       884  0.024  3.000 11.0000  0.300 -1.730
       885  0.024  3.000 11.0000  0.300 -5.660
       886  0.024  3.000 11.0000  0.700 -1.000
       887  0.024  3.000 11.0000  0.700 -1.730
       888  0.024  3.000 11.0000  0.700 -5.660
       889  0.024  3.000 11.0000  1.000 -1.000
       890  0.024  3.000 11.0000  1.000 -1.730
       891  0.024  3.000 11.0000  1.000 -5.660
       892  0.024  3.000 11.0000  1.300 -1.000
       893  0.024  3.000 11.0000  1.300 -1.730
       894  0.024  3.000 11.0000  1.300 -5.660
       895  0.024  3.000 11.0000  2.000 -1.000
       896  0.024  3.000 11.0000  2.000 -1.730
       897  0.024  3.000 11.0000  2.000 -5.660
       898  0.024  3.000 11.0000  9.000 -1.000
       899  0.024  3.000 11.0000  9.000 -1.730
       900  0.024  3.000 11.0000  9.000 -5.660
       901  0.024  3.000 13.0000  0.300 -1.000
       902  0.024  3.000 13.0000  0.300 -1.730
       903  0.024  3.000 13.0000  0.300 -5.660
       904  0.024  3.000 13.0000  0.700 -1.000
       905  0.024  3.000 13.0000  0.700 -1.730
       906  0.024  3.000 13.0000  0.700 -5.660
       907  0.024  3.000 13.0000  1.000 -1.000
       908  0.024  3.000 13.0000  1.000 -1.730
       909  0.024  3.000 13.0000  1.000 -5.660
       910  0.024  3.000 13.0000  1.300 -1.000
       911  0.024  3.000 13.0000  1.300 -1.730
       912  0.024  3.000 13.0000  1.300 -5.660
       913  0.024  3.000 13.0000  2.000 -1.000
       914  0.024  3.000 13.0000  2.000 -1.730
       915  0.024  3.000 13.0000  2.000 -5.660
       916  0.024  3.000 13.0000  9.000 -1.000
       917  0.024  3.000 13.0000  9.000 -1.730
       918  0.024  3.000 13.0000  9.000 -5.660
       919  0.024  5.000 9.0000  0.300 -1.000
       920  0.024  5.000 9.0000  0.300 -1.730
       921  0.024  5.000 9.0000  0.300 -5.660
       922  0.024  5.000 9.0000  0.700 -1.000
       923  0.024  5.000 9.0000  0.700 -1.730
       924  0.024  5.000 9.0000  0.700 -5.660
       925  0.024  5.000 9.0000  1.000 -1.000
       926  0.024  5.000 9.0000  1.000 -1.730
       927  0.024  5.000 9.0000  1.000 -5.660
       928  0.024  5.000 9.0000  1.300 -1.000
       929  0.024  5.000 9.0000  1.300 -1.730
       930  0.024  5.000 9.0000  1.300 -5.660
       931  0.024  5.000 9.0000  2.000 -1.000
       932  0.024  5.000 9.0000  2.000 -1.730
       933  0.024  5.000 9.0000  2.000 -5.660
       934  0.024  5.000 9.0000  9.000 -1.000
       935  0.024  5.000 9.0000  9.000 -1.730
       936  0.024  5.000 9.0000  9.000 -5.660
       937  0.024  5.000 11.0000  0.300 -1.000
       938  0.024  5.000 11.0000  0.300 -1.730
       939  0.024  5.000 11.0000  0.300 -5.660
       940  0.024  5.000 11.0000  0.700 -1.000
       941  0.024  5.000 11.0000  0.700 -1.730
       942  0.024  5.000 11.0000  0.700 -5.660
       943  0.024  5.000 11.0000  1.000 -1.000
       944  0.024  5.000 11.0000  1.000 -1.730
       945  0.024  5.000 11.0000  1.000 -5.660
       946  0.024  5.000 11.0000  1.300 -1.000
       947  0.024  5.000 11.0000  1.300 -1.730
       948  0.024  5.000 11.0000  1.300 -5.660
       949  0.024  5.000 11.0000  2.000 -1.000
       950  0.024  5.000 11.0000  2.000 -1.730
       951  0.024  5.000 11.0000  2.000 -5.660
       952  0.024  5.000 11.0000  9.000 -1.000
       953  0.024  5.000 11.0000  9.000 -1.730
       954  0.024  5.000 11.0000  9.000 -5.660
       955  0.024  5.000 13.0000  0.300 -1.000
       956  0.024  5.000 13.0000  0.300 -1.730
       957  0.024  5.000 13.0000  0.300 -5.660
       958  0.024  5.000 13.0000  0.700 -1.000
       959  0.024  5.000 13.0000  0.700 -1.730
       960  0.024  5.000 13.0000  0.700 -5.660
       961  0.024  5.000 13.0000  1.000 -1.000
       962  0.024  5.000 13.0000  1.000 -1.730
       963  0.024  5.000 13.0000  1.000 -5.660
       964  0.024  5.000 13.0000  1.300 -1.000
       965  0.024  5.000 13.0000  1.300 -1.730
       966  0.024  5.000 13.0000  1.300 -5.660
       967  0.024  5.000 13.0000  2.000 -1.000
       968  0.024  5.000 13.0000  2.000 -1.730
       969  0.024  5.000 13.0000  2.000 -5.660
       970  0.024  5.000 13.0000  9.000 -1.000
       971  0.024  5.000 13.0000  9.000 -1.730
       972  0.024  5.000 13.0000  9.000 -5.660
       973  0.024  7.000 11.0000  0.300 -1.000
       974  0.024  7.000 11.0000  0.300 -1.730
       975  0.024  7.000 11.0000  0.300 -5.660
       976  0.024  7.000 11.0000  0.700 -1.000
       977  0.024  7.000 11.0000  0.700 -1.730
       978  0.024  7.000 11.0000  0.700 -5.660
       979  0.024  7.000 11.0000  1.000 -1.000
       980  0.024  7.000 11.0000  1.000 -1.730
       981  0.024  7.000 11.0000  1.000 -5.660
       982  0.024  7.000 11.0000  1.300 -1.000
       983  0.024  7.000 11.0000  1.300 -1.730
       984  0.024  7.000 11.0000  1.300 -5.660
       985  0.024  7.000 11.0000  2.000 -1.000
       986  0.024  7.000 11.0000  2.000 -1.730
       987  0.024  7.000 11.0000  2.000 -5.660
       988  0.024  7.000 11.0000  9.000 -1.000
       989  0.024  7.000 11.0000  9.000 -1.730
       990  0.024  7.000 11.0000  9.000 -5.660
       991  0.024  7.000 13.0000  0.300 -1.000
       992  0.024  7.000 13.0000  0.300 -1.730
       993  0.024  7.000 13.0000  0.300 -5.660
       994  0.024  7.000 13.0000  0.700 -1.000
       995  0.024  7.000 13.0000  0.700 -1.730
       996  0.024  7.000 13.0000  0.700 -5.660
       997  0.024  7.000 13.0000  1.000 -1.000
       998  0.024  7.000 13.0000  1.000 -1.730
       999  0.024  7.000 13.0000  1.000 -5.660
      1000  0.024  7.000 13.0000  1.300 -1.000
      1001  0.024  7.000 13.0000  1.300 -1.730
      1002  0.024  7.000 13.0000  1.300 -5.660
      1003  0.024  7.000 13.0000  2.000 -1.000
      1004  0.024  7.000 13.0000  2.000 -1.730
      1005  0.024  7.000 13.0000  2.000 -5.660
      1006  0.024  7.000 13.0000  9.000 -1.000
      1007  0.024  7.000 13.0000  9.000 -1.730
      1008  0.024  7.000 13.0000  9.000 -5.660
      1009  0.030  1.000 5.0000  0.300 -1.000
      1010  0.030  1.000 5.0000  0.300 -1.730
      1011  0.030  1.000 5.0000  0.300 -5.660
      1012  0.030  1.000 5.0000  0.700 -1.000
      1013  0.030  1.000 5.0000  0.700 -1.730
      1014  0.030  1.000 5.0000  0.700 -5.660
      1015  0.030  1.000 5.0000  1.000 -1.000
      1016  0.030  1.000 5.0000  1.000 -1.730
      1017  0.030  1.000 5.0000  1.000 -5.660
      1018  0.030  1.000 5.0000  1.300 -1.000
      1019  0.030  1.000 5.0000  1.300 -1.730
      1020  0.030  1.000 5.0000  1.300 -5.660
      1021  0.030  1.000 5.0000  2.000 -1.000
      1022  0.030  1.000 5.0000  2.000 -1.730
      1023  0.030  1.000 5.0000  2.000 -5.660
      1024  0.030  1.000 5.0000  9.000 -1.000
      1025  0.030  1.000 5.0000  9.000 -1.730
      1026  0.030  1.000 5.0000  9.000 -5.660
      1027  0.030  1.000 7.0000  0.300 -1.000
      1028  0.030  1.000 7.0000  0.300 -1.730
      1029  0.030  1.000 7.0000  0.300 -5.660
      1030  0.030  1.000 7.0000  0.700 -1.000
      1031  0.030  1.000 7.0000  0.700 -1.730
      1032  0.030  1.000 7.0000  0.700 -5.660
      1033  0.030  1.000 7.0000  1.000 -1.000
      1034  0.030  1.000 7.0000  1.000 -1.730
      1035  0.030  1.000 7.0000  1.000 -5.660
      1036  0.030  1.000 7.0000  1.300 -1.000
      1037  0.030  1.000 7.0000  1.300 -1.730
      1038  0.030  1.000 7.0000  1.300 -5.660
      1039  0.030  1.000 7.0000  2.000 -1.000
      1040  0.030  1.000 7.0000  2.000 -1.730
      1041  0.030  1.000 7.0000  2.000 -5.660
      1042  0.030  1.000 7.0000  9.000 -1.000
      1043  0.030  1.000 7.0000  9.000 -1.730
      1044  0.030  1.000 7.0000  9.000 -5.660
      1045  0.030  1.000 9.0000  0.300 -1.000
      1046  0.030  1.000 9.0000  0.300 -1.730
      1047  0.030  1.000 9.0000  0.300 -5.660
      1048  0.030  1.000 9.0000  0.700 -1.000
      1049  0.030  1.000 9.0000  0.700 -1.730
      1050  0.030  1.000 9.0000  0.700 -5.660
      1051  0.030  1.000 9.0000  1.000 -1.000
      1052  0.030  1.000 9.0000  1.000 -1.730
      1053  0.030  1.000 9.0000  1.000 -5.660
      1054  0.030  1.000 9.0000  1.300 -1.000
      1055  0.030  1.000 9.0000  1.300 -1.730
      1056  0.030  1.000 9.0000  1.300 -5.660
      1057  0.030  1.000 9.0000  2.000 -1.000
      1058  0.030  1.000 9.0000  2.000 -1.730
      1059  0.030  1.000 9.0000  2.000 -5.660
      1060  0.030  1.000 9.0000  9.000 -1.000
      1061  0.030  1.000 9.0000  9.000 -1.730
      1062  0.030  1.000 9.0000  9.000 -5.660
      1063  0.030  1.000 11.0000  0.300 -1.000
      1064  0.030  1.000 11.0000  0.300 -1.730
      1065  0.030  1.000 11.0000  0.300 -5.660
      1066  0.030  1.000 11.0000  0.700 -1.000
      1067  0.030  1.000 11.0000  0.700 -1.730
      1068  0.030  1.000 11.0000  0.700 -5.660
      1069  0.030  1.000 11.0000  1.000 -1.000
      1070  0.030  1.000 11.0000  1.000 -1.730
      1071  0.030  1.000 11.0000  1.000 -5.660
      1072  0.030  1.000 11.0000  1.300 -1.000
      1073  0.030  1.000 11.0000  1.300 -1.730
      1074  0.030  1.000 11.0000  1.300 -5.660
      1075  0.030  1.000 11.0000  2.000 -1.000
      1076  0.030  1.000 11.0000  2.000 -1.730
      1077  0.030  1.000 11.0000  2.000 -5.660
      1078  0.030  1.000 11.0000  9.000 -1.000
      1079  0.030  1.000 11.0000  9.000 -1.730
      1080  0.030  1.000 11.0000  9.000 -5.660
      1081  0.030  1.000 13.0000  0.300 -1.000
      1082  0.030  1.000 13.0000  0.300 -1.730
      1083  0.030  1.000 13.0000  0.300 -5.660
      1084  0.030  1.000 13.0000  0.700 -1.000
      1085  0.030  1.000 13.0000  0.700 -1.730
      1086  0.030  1.000 13.0000  0.700 -5.660
      1087  0.030  1.000 13.0000  1.000 -1.000
      1088  0.030  1.000 13.0000  1.000 -1.730
      1089  0.030  1.000 13.0000  1.000 -5.660
      1090  0.030  1.000 13.0000  1.300 -1.000
      1091  0.030  1.000 13.0000  1.300 -1.730
      1092  0.030  1.000 13.0000  1.300 -5.660
      1093  0.030  1.000 13.0000  2.000 -1.000
      1094  0.030  1.000 13.0000  2.000 -1.730
      1095  0.030  1.000 13.0000  2.000 -5.660
      1096  0.030  1.000 13.0000  9.000 -1.000
      1097  0.030  1.000 13.0000  9.000 -1.730
      1098  0.030  1.000 13.0000  9.000 -5.660
      1099  0.030  3.000 7.0000  0.300 -1.000
      1100  0.030  3.000 7.0000  0.300 -1.730
      1101  0.030  3.000 7.0000  0.300 -5.660
      1102  0.030  3.000 7.0000  0.700 -1.000
      1103  0.030  3.000 7.0000  0.700 -1.730
      1104  0.030  3.000 7.0000  0.700 -5.660
      1105  0.030  3.000 7.0000  1.000 -1.000
      1106  0.030  3.000 7.0000  1.000 -1.730
      1107  0.030  3.000 7.0000  1.000 -5.660
      1108  0.030  3.000 7.0000  1.300 -1.000
      1109  0.030  3.000 7.0000  1.300 -1.730
      1110  0.030  3.000 7.0000  1.300 -5.660
      1111  0.030  3.000 7.0000  2.000 -1.000
      1112  0.030  3.000 7.0000  2.000 -1.730
      1113  0.030  3.000 7.0000  2.000 -5.660
      1114  0.030  3.000 7.0000  9.000 -1.000
      1115  0.030  3.000 7.0000  9.000 -1.730
      1116  0.030  3.000 7.0000  9.000 -5.660
      1117  0.030  3.000 9.0000  0.300 -1.000
      1118  0.030  3.000 9.0000  0.300 -1.730
      1119  0.030  3.000 9.0000  0.300 -5.660
      1120  0.030  3.000 9.0000  0.700 -1.000
      1121  0.030  3.000 9.0000  0.700 -1.730
      1122  0.030  3.000 9.0000  0.700 -5.660
      1123  0.030  3.000 9.0000  1.000 -1.000
      1124  0.030  3.000 9.0000  1.000 -1.730
      1125  0.030  3.000 9.0000  1.000 -5.660
      1126  0.030  3.000 9.0000  1.300 -1.000
      1127  0.030  3.000 9.0000  1.300 -1.730
      1128  0.030  3.000 9.0000  1.300 -5.660
      1129  0.030  3.000 9.0000  2.000 -1.000
      1130  0.030  3.000 9.0000  2.000 -1.730
      1131  0.030  3.000 9.0000  2.000 -5.660
      1132  0.030  3.000 9.0000  9.000 -1.000
      1133  0.030  3.000 9.0000  9.000 -1.730
      1134  0.030  3.000 9.0000  9.000 -5.660
      1135  0.030  3.000 11.0000  0.300 -1.000
      1136  0.030  3.000 11.0000  0.300 -1.730
      1137  0.030  3.000 11.0000  0.300 -5.660
      1138  0.030  3.000 11.0000  0.700 -1.000
      1139  0.030  3.000 11.0000  0.700 -1.730
      1140  0.030  3.000 11.0000  0.700 -5.660
      1141  0.030  3.000 11.0000  1.000 -1.000
      1142  0.030  3.000 11.0000  1.000 -1.730
      1143  0.030  3.000 11.0000  1.000 -5.660
      1144  0.030  3.000 11.0000  1.300 -1.000
      1145  0.030  3.000 11.0000  1.300 -1.730
      1146  0.030  3.000 11.0000  1.300 -5.660
      1147  0.030  3.000 11.0000  2.000 -1.000
      1148  0.030  3.000 11.0000  2.000 -1.730
      1149  0.030  3.000 11.0000  2.000 -5.660
      1150  0.030  3.000 11.0000  9.000 -1.000
      1151  0.030  3.000 11.0000  9.000 -1.730
      1152  0.030  3.000 11.0000  9.000 -5.660
      1153  0.030  3.000 13.0000  0.300 -1.000
      1154  0.030  3.000 13.0000  0.300 -1.730
      1155  0.030  3.000 13.0000  0.300 -5.660
      1156  0.030  3.000 13.0000  0.700 -1.000
      1157  0.030  3.000 13.0000  0.700 -1.730
      1158  0.030  3.000 13.0000  0.700 -5.660
      1159  0.030  3.000 13.0000  1.000 -1.000
      1160  0.030  3.000 13.0000  1.000 -1.730
      1161  0.030  3.000 13.0000  1.000 -5.660
      1162  0.030  3.000 13.0000  1.300 -1.000
      1163  0.030  3.000 13.0000  1.300 -1.730
      1164  0.030  3.000 13.0000  1.300 -5.660
      1165  0.030  3.000 13.0000  2.000 -1.000
      1166  0.030  3.000 13.0000  2.000 -1.730
      1167  0.030  3.000 13.0000  2.000 -5.660
      1168  0.030  3.000 13.0000  9.000 -1.000
      1169  0.030  3.000 13.0000  9.000 -1.730
      1170  0.030  3.000 13.0000  9.000 -5.660
      1171  0.030  5.000 9.0000  0.300 -1.000
      1172  0.030  5.000 9.0000  0.300 -1.730
      1173  0.030  5.000 9.0000  0.300 -5.660
      1174  0.030  5.000 9.0000  0.700 -1.000
      1175  0.030  5.000 9.0000  0.700 -1.730
      1176  0.030  5.000 9.0000  0.700 -5.660
      1177  0.030  5.000 9.0000  1.000 -1.000
      1178  0.030  5.000 9.0000  1.000 -1.730
      1179  0.030  5.000 9.0000  1.000 -5.660
      1180  0.030  5.000 9.0000  1.300 -1.000
      1181  0.030  5.000 9.0000  1.300 -1.730
      1182  0.030  5.000 9.0000  1.300 -5.660
      1183  0.030  5.000 9.0000  2.000 -1.000
      1184  0.030  5.000 9.0000  2.000 -1.730
      1185  0.030  5.000 9.0000  2.000 -5.660
      1186  0.030  5.000 9.0000  9.000 -1.000
      1187  0.030  5.000 9.0000  9.000 -1.730
      1188  0.030  5.000 9.0000  9.000 -5.660
      1189  0.030  5.000 11.0000  0.300 -1.000
      1190  0.030  5.000 11.0000  0.300 -1.730
      1191  0.030  5.000 11.0000  0.300 -5.660
      1192  0.030  5.000 11.0000  0.700 -1.000
      1193  0.030  5.000 11.0000  0.700 -1.730
      1194  0.030  5.000 11.0000  0.700 -5.660
      1195  0.030  5.000 11.0000  1.000 -1.000
      1196  0.030  5.000 11.0000  1.000 -1.730
      1197  0.030  5.000 11.0000  1.000 -5.660
      1198  0.030  5.000 11.0000  1.300 -1.000
      1199  0.030  5.000 11.0000  1.300 -1.730
      1200  0.030  5.000 11.0000  1.300 -5.660
      1201  0.030  5.000 11.0000  2.000 -1.000
      1202  0.030  5.000 11.0000  2.000 -1.730
      1203  0.030  5.000 11.0000  2.000 -5.660
      1204  0.030  5.000 11.0000  9.000 -1.000
      1205  0.030  5.000 11.0000  9.000 -1.730
      1206  0.030  5.000 11.0000  9.000 -5.660
      1207  0.030  5.000 13.0000  0.300 -1.000
      1208  0.030  5.000 13.0000  0.300 -1.730
      1209  0.030  5.000 13.0000  0.300 -5.660
      1210  0.030  5.000 13.0000  0.700 -1.000
      1211  0.030  5.000 13.0000  0.700 -1.730
      1212  0.030  5.000 13.0000  0.700 -5.660
      1213  0.030  5.000 13.0000  1.000 -1.000
      1214  0.030  5.000 13.0000  1.000 -1.730
      1215  0.030  5.000 13.0000  1.000 -5.660
      1216  0.030  5.000 13.0000  1.300 -1.000
      1217  0.030  5.000 13.0000  1.300 -1.730
      1218  0.030  5.000 13.0000  1.300 -5.660
      1219  0.030  5.000 13.0000  2.000 -1.000
      1220  0.030  5.000 13.0000  2.000 -1.730
      1221  0.030  5.000 13.0000  2.000 -5.660
      1222  0.030  5.000 13.0000  9.000 -1.000
      1223  0.030  5.000 13.0000  9.000 -1.730
      1224  0.030  5.000 13.0000  9.000 -5.660
      1225  0.030  7.000 11.0000  0.300 -1.000
      1226  0.030  7.000 11.0000  0.300 -1.730
      1227  0.030  7.000 11.0000  0.300 -5.660
      1228  0.030  7.000 11.0000  0.700 -1.000
      1229  0.030  7.000 11.0000  0.700 -1.730
      1230  0.030  7.000 11.0000  0.700 -5.660
      1231  0.030  7.000 11.0000  1.000 -1.000
      1232  0.030  7.000 11.0000  1.000 -1.730
      1233  0.030  7.000 11.0000  1.000 -5.660
      1234  0.030  7.000 11.0000  1.300 -1.000
      1235  0.030  7.000 11.0000  1.300 -1.730
      1236  0.030  7.000 11.0000  1.300 -5.660
      1237  0.030  7.000 11.0000  2.000 -1.000
      1238  0.030  7.000 11.0000  2.000 -1.730
      1239  0.030  7.000 11.0000  2.000 -5.660
      1240  0.030  7.000 11.0000  9.000 -1.000
      1241  0.030  7.000 11.0000  9.000 -1.730
      1242  0.030  7.000 11.0000  9.000 -5.660
      1243  0.030  7.000 13.0000  0.300 -1.000
      1244  0.030  7.000 13.0000  0.300 -1.730
      1245  0.030  7.000 13.0000  0.300 -5.660
      1246  0.030  7.000 13.0000  0.700 -1.000
      1247  0.030  7.000 13.0000  0.700 -1.730
      1248  0.030  7.000 13.0000  0.700 -5.660
      1249  0.030  7.000 13.0000  1.000 -1.000
      1250  0.030  7.000 13.0000  1.000 -1.730
      1251  0.030  7.000 13.0000  1.000 -5.660
      1252  0.030  7.000 13.0000  1.300 -1.000
      1253  0.030  7.000 13.0000  1.300 -1.730
      1254  0.030  7.000 13.0000  1.300 -5.660
      1255  0.030  7.000 13.0000  2.000 -1.000
      1256  0.030  7.000 13.0000  2.000 -1.730
      1257  0.030  7.000 13.0000  2.000 -5.660
      1258  0.030  7.000 13.0000  9.000 -1.000
      1259  0.030  7.000 13.0000  9.000 -1.730
      1260  0.030  7.000 13.0000  9.000 -5.660
